9
1988000000000000000000000000000
330104000000000000000000
4868500000000000000000000
5972000000000000000000000
641850000000000000000000
1899000000000000000000000000
568800000000000000000000000
86860000000000000000000000
102400000000000000000000000
0
57909227000
108208926000
152100000000
227920000000
778412010000
1426725400000
2879972200000
4498252900000
0
0
0
0
0
0
0
0
0
0
0
0
0
0
0
0
0
0
0
0
0
0
0
0
0
0
0
0
47870
35020
29780
24077
13070
9672.4
6835.2
5477.8
0
0
0
0
0
0
0
0
0
8153600000
500
100000
100
